// solution (optimal) with objective 178200
// Quality Incumbent solution:
// MILP objective                                 1.7820000000e+05
// MILP solution norm |x| (Total, Max)            4.12000e+02  7.00000e+00
// MILP solution error (Ax=b) (Total, Max)        0.00000e+00  0.00000e+00
// MILP x bound error (Total, Max)                0.00000e+00  0.00000e+00
// MILP x integrality error (Total, Max)          0.00000e+00  0.00000e+00
// MILP slack bound error (Total, Max)            0.00000e+00  0.00000e+00
// 

Yid = [[1
             1 1]
             [1 1 1]
             [1 1 1]
             [1 0 1]
             [1 1 1]
             [1 1 1]
             [0 0 0]
             [0 0 0]
             [1 1 1]
             [0 1 1]
             [1 1 1]
             [0 0 0]
             [1 1 1]
             [1 1 1]
             [0 1 0]
             [1 1 1]
             [1 1 1]
             [0 0 0]
             [0 0 0]
             [1 1 1]];
Yidt = [[[1 0 0 0]
                 [0 1 0 0]
                 [0 0 1 0]]
             [[1 0 0 0]
                 [0 1 0 0]
                 [1 0 0 0]]
             [[0 1 0 0]
                 [0 0 1 0]
                 [1 0 0 0]]
             [[0 1 0 0]
                 [0 0 0 1]
                 [0 1 0 0]]
             [[0 0 1 0]
                 [0 1 0 0]
                 [0 0 1 0]]
             [[0 0 1 0]
                 [0 1 0 0]
                 [0 1 0 0]]
             [[0 0 0 1]
                 [0 0 0 1]
                 [0 0 0 1]]
             [[0 0 0 1]
                 [0 0 0 1]
                 [0 0 0 1]]
             [[0 1 0 0]
                 [0 0 1 0]
                 [0 0 1 0]]
             [[0 0 0 1]
                 [0 1 0 0]
                 [0 1 0 0]]
             [[1 0 0 0]
                 [0 1 0 0]
                 [1 0 0 0]]
             [[0 0 0 1]
                 [0 0 0 1]
                 [0 0 0 1]]
             [[0 0 1 0]
                 [0 1 0 0]
                 [0 0 1 0]]
             [[0 0 1 0]
                 [0 0 1 0]
                 [0 1 0 0]]
             [[0 0 0 1]
                 [0 0 1 0]
                 [0 0 0 1]]
             [[0 1 0 0]
                 [0 0 1 0]
                 [0 1 0 0]]
             [[0 1 0 0]
                 [0 0 1 0]
                 [0 1 0 0]]
             [[0 0 0 1]
                 [0 0 0 1]
                 [0 0 0 1]]
             [[0 0 0 1]
                 [0 0 0 1]
                 [0 0 0 1]]
             [[0 1 0 0]
                 [0 0 1 0]
                 [0 1 0 0]]];
YiTEfdt = [[[1 0 0]
                 [0 1 0]
                 [0 0 1]]
             [[1 0 0]
                 [0 1 0]
                 [1 0 0]]
             [[0 1 0]
                 [0 0 1]
                 [1 0 0]]
             [[0 1 0]
                 [0 0 0]
                 [0 1 0]]
             [[0 0 1]
                 [0 1 0]
                 [0 0 1]]
             [[0 0 1]
                 [0 1 0]
                 [0 0 0]]
             [[0 0 0]
                 [0 0 0]
                 [0 0 0]]
             [[0 0 0]
                 [0 0 0]
                 [0 0 0]]
             [[0 1 0]
                 [0 0 1]
                 [0 0 0]]
             [[0 0 0]
                 [0 1 0]
                 [0 0 0]]
             [[1 0 0]
                 [0 1 0]
                 [1 0 0]]
             [[0 0 0]
                 [0 0 0]
                 [0 0 0]]
             [[0 0 1]
                 [0 1 0]
                 [0 0 1]]
             [[0 0 1]
                 [0 0 0]
                 [0 1 0]]
             [[0 0 0]
                 [0 0 1]
                 [0 0 0]]
             [[0 1 0]
                 [0 0 1]
                 [0 1 0]]
             [[0 1 0]
                 [0 0 1]
                 [0 1 0]]
             [[0 0 0]
                 [0 0 0]
                 [0 0 0]]
             [[0 0 0]
                 [0 0 0]
                 [0 0 0]]
             [[0 1 0]
                 [0 0 1]
                 [0 1 0]]];
YiEfdt = [[[1 1 1]
                 [0 1 1]
                 [1 0 1]]
             [[1 1 1]

	[0 1 1]
                 [1 0 1]]
             [[1 1 1]
                 [0 0 1]
                 [1 1 0]]
             [[1 1 1]
                 [0 0 1]
                 [1 1 1]]
             [[1 1 1]
                 [0 1 0]
                 [1 0 1]]
             [[1 1 1]
                 [0 1 0]
                 [1 0 1]]
             [[1 1 1]
                 [0 1 1]
                 [1 1 1]]
             [[1 1 1]
                 [0 1 1]
                 [1 1 1]]
             [[1 1 1]
                 [0 0 1]
                 [1 1 0]]
             [[1 1 1]
                 [0 1 1]
                 [1 0 1]]
             [[1 1 1]
                 [0 1 1]
                 [1 0 1]]
             [[1 1 1]
                 [0 1 1]
                 [1 1 1]]
             [[1 1 1]
                 [0 1 0]
                 [1 0 1]]
             [[1 1 1]
                 [0 1 0]
                 [1 1 0]]
             [[1 1 1]
                 [0 1 1]
                 [1 1 0]]
             [[1 1 1]
                 [0 0 1]
                 [1 1 0]]
             [[1 1 1]
                 [0 0 1]
                 [1 1 0]]
             [[1 1 1]
                 [0 1 1]
                 [1 1 1]]
             [[1 1 1]
                 [0 1 1]
                 [1 1 1]]
             [[1 1 1]
                 [0 0 1]
                 [1 1 0]]];
Edt = [[3 6 4 7]
             [0 7 7 6]
             [3 7 4 6]];
EdtEf = [[3 6 4]
             [0 7 6]
             [3 5 3]];
Ncd = [[5 5 5]
             [3 4 4]
             [2 3 2]
             [3 2 3]];
